    experiment_id  hidden_size  num_layers  dropout  bidirectional  seq_len  \
12             12          250           2      0.2          False       25   
7               7          250           2      0.2          False       15   
1               1          250           2      0.2          False        5   
15             15          250           2      0.2          False       25   
13             13          250           2      0.2          False       25   
6               6          250           2      0.2          False       15   
0               0          250           2      0.2          False        5   
25             25          250           4      0.2          False       15   
9               9          250           2      0.2          False       15   
17             17          250           2      0.2          False       25   
14             14          250           2      0.2          False       25   
8               8          250           2      0.2          False       15   
24             24          250           4      0.2          False       15   
33             33          250           4      0.2          False       25   
11             11          250           2      0.2          False       15   
16             16          250           2      0.2          False       25   
18             18          250           4      0.2          False        5   
31             31          250           4      0.2          False       25   
32             32          250           4      0.2          False       25   
19             19          250           4      0.2          False        5   
27             27          250           4      0.2          False       15   
35             35          250           4      0.2          False       25   
10             10          250           2      0.2          False       15   
2               2          250           2      0.2          False        5   
30             30          250           4      0.2          False       25   
29             29          250           4      0.2          False       15   
20             20          250           4      0.2          False        5   
3               3          250           2      0.2          False        5   
26             26          250           4      0.2          False       15   
34             34          250           4      0.2          False       25   
21             21          250           4      0.2          False        5   
28             28          250           4      0.2          False       15   
5               5          250           2      0.2          False        5   
23             23          250           4      0.2          False        5   
4               4          250           2      0.2          False        5   
22             22          250           4      0.2          False        5   

    pred_len  batch_size  learning_rate optimizer  epochs grad_clip  \
12         5          32         0.0005      adam      20      None   
7          5          32         0.0005      adam      30      None   
1          5          32         0.0005      adam      30      None   
15        15          32         0.0005      adam      30      None   
13         5          32         0.0005      adam      30      None   
6          5          32         0.0005      adam      20      None   
0          5          32         0.0005      adam      20      None   
25         5          32         0.0005      adam      30      None   
9         15          32         0.0005      adam      30      None   
17        25          32         0.0005      adam      30      None   
14        15          32         0.0005      adam      20      None   
8         15          32         0.0005      adam      20      None   
24         5          32         0.0005      adam      20      None   
33        15          32         0.0005      adam      30      None   
11        25          32         0.0005      adam      30      None   
16        25          32         0.0005      adam      20      None   
18         5          32         0.0005      adam      20      None   
31         5          32         0.0005      adam      30      None   
32        15          32         0.0005      adam      20      None   
19         5          32         0.0005      adam      30      None   
27        15          32         0.0005      adam      30      None   
35        25          32         0.0005      adam      30      None   
10        25          32         0.0005      adam      20      None   
2         15          32         0.0005      adam      20      None   
30         5          32         0.0005      adam      20      None   
29        25          32         0.0005      adam      30      None   
20        15          32         0.0005      adam      20      None   
3         15          32         0.0005      adam      30      None   
26        15          32         0.0005      adam      20      None   
34        25          32         0.0005      adam      20      None   
21        15          32         0.0005      adam      30      None   
28        25          32         0.0005      adam      20      None   
5         25          32         0.0005      adam      30      None   
23        25          32         0.0005      adam      30      None   
4         25          32         0.0005      adam      20      None   
22        25          32         0.0005      adam      20      None   

    train_loss  test_loss  training_time_sec  
12    6.667595   3.569906         101.659272  
7     5.600042   4.175874         135.748576  
1    10.315713   6.011958         124.966013  
15    9.561340   6.598906         148.398470  
13    5.415696   6.724555         152.811872  
6     7.562922   6.794960          90.421422  
0    12.110500   7.417563          83.293715  
25   11.335466   7.589534         203.258106  
9    10.841442   8.541686         130.899556  
17   14.493379   9.929368         143.079352  
14   12.410796  10.285020          97.320352  
8    14.125491  11.451821          88.086008  
24   18.454928  12.200463         135.100309  
33   17.817939  12.692893         232.298810  
11   18.187542  13.111715         128.907069  
16   19.103304  14.663467          95.511457  
18   21.029781  14.870388         114.840279  
31   17.258253  14.915253         240.485963  
32   23.195144  14.979891         155.060047  
19   16.364760  15.478427         171.479141  
27   20.510706  15.675308         196.210949  
35   28.824013  16.597743         226.780953  
10   24.082954  19.293231          85.615692  
2    31.162143  21.097854          80.546059  
30   24.648198  21.195483         160.842705  
29   28.852090  22.819861         190.559251  
20   42.378726  23.633968         111.036640  
3    29.076317  24.317134         121.070893  
26   28.862459  25.361288         131.034589  
34   33.732749  27.806122         150.850554  
21   37.570125  32.762926         166.807399  
28   40.365098  38.947540         127.300465  
5    49.988052  39.631106         120.695924  
23   73.972576  52.201461         165.092061  
4    56.048809  54.371368          79.920441  
22   85.172802  57.355745         109.080271  