    experiment_id  hidden_size  num_layers  dropout  bidirectional  seq_len  \
25             25          250           2      0.2          False       15   
37             37          250           4      0.2          False       15   
35             35          250           2      0.2          False       15   
31             31          250           2      0.2          False       15   
34             34          250           2      0.2          False       15   
47             47          250           4      0.2          False       15   
43             43          250           4      0.2          False       15   
11             11          100           2      0.2          False       15   
7               7          100           2      0.2          False       15   
29             29          250           2      0.2          False       15   
27             27          250           2      0.2          False       15   
46             46          250           4      0.2          False       15   
19             19          100           4      0.2          False       15   
2               2          100           2      0.2          False       15   
30             30          250           2      0.2          False       15   
1               1          100           2      0.2          False       15   
41             41          250           4      0.2          False       15   
24             24          250           2      0.2          False       15   
23             23          100           4      0.2          False       15   
42             42          250           4      0.2          False       15   
3               3          100           2      0.2          False       15   
38             38          250           4      0.2          False       15   
6               6          100           2      0.2          False       15   
26             26          250           2      0.2          False       15   
13             13          100           4      0.2          False       15   
15             15          100           4      0.2          False       15   
36             36          250           4      0.2          False       15   
18             18          100           4      0.2          False       15   
39             39          250           4      0.2          False       15   
10             10          100           2      0.2          False       15   
22             22          100           4      0.2          False       15   
14             14          100           4      0.2          False       15   
33             33          250           2      0.2          False       15   
45             45          250           4      0.2          False       15   
28             28          250           2      0.2          False       15   
40             40          250           4      0.2          False       15   
5               5          100           2      0.2          False       15   
0               0          100           2      0.2          False       15   
17             17          100           4      0.2          False       15   
12             12          100           4      0.2          False       15   
32             32          250           2      0.2          False       15   
44             44          250           4      0.2          False       15   
9               9          100           2      0.2          False       15   
21             21          100           4      0.2          False       15   
4               4          100           2      0.2          False       15   
16             16          100           4      0.2          False       15   
8               8          100           2      0.2          False       15   
20             20          100           4      0.2          False       15   

    pred_len  batch_size  learning_rate optimizer  epochs grad_clip  \
25        15          32         0.0005      adam      10      None   
37        15          32         0.0005      adam      10      None   
35        15         128         0.0050      adam      10      None   
31        15          64         0.0050      adam      10      None   
34        15         128         0.0050      adam       5      None   
47        15         128         0.0050      adam      10      None   
43        15          64         0.0050      adam      10      None   
11        15         128         0.0050      adam      10      None   
7         15          64         0.0050      adam      10      None   
29        15          64         0.0005      adam      10      None   
27        15          32         0.0050      adam      10      None   
46        15         128         0.0050      adam       5      None   
19        15          64         0.0050      adam      10      None   
2         15          32         0.0050      adam       5      None   
30        15          64         0.0050      adam       5      None   
1         15          32         0.0005      adam      10      None   
41        15          64         0.0005      adam      10      None   
24        15          32         0.0005      adam       5      None   
23        15         128         0.0050      adam      10      None   
42        15          64         0.0050      adam       5      None   
3         15          32         0.0050      adam      10      None   
38        15          32         0.0050      adam       5      None   
6         15          64         0.0050      adam       5      None   
26        15          32         0.0050      adam       5      None   
13        15          32         0.0005      adam      10      None   
15        15          32         0.0050      adam      10      None   
36        15          32         0.0005      adam       5      None   
18        15          64         0.0050      adam       5      None   
39        15          32         0.0050      adam      10      None   
10        15         128         0.0050      adam       5      None   
22        15         128         0.0050      adam       5      None   
14        15          32         0.0050      adam       5      None   
33        15         128         0.0005      adam      10      None   
45        15         128         0.0005      adam      10      None   
28        15          64         0.0005      adam       5      None   
40        15          64         0.0005      adam       5      None   
5         15          64         0.0005      adam      10      None   
0         15          32         0.0005      adam       5      None   
17        15          64         0.0005      adam      10      None   
12        15          32         0.0005      adam       5      None   
32        15         128         0.0005      adam       5      None   
44        15         128         0.0005      adam       5      None   
9         15         128         0.0005      adam      10      None   
21        15         128         0.0005      adam      10      None   
4         15          64         0.0005      adam       5      None   
16        15          64         0.0005      adam       5      None   
8         15         128         0.0005      adam       5      None   
20        15         128         0.0005      adam       5      None   

      train_loss     test_loss  training_time_sec  
25     30.098231     21.332470          46.134097  
37     54.215682     39.786242          68.445542  
35     93.459608     72.748820          19.669650  
31    116.930549     91.352329          27.296723  
34    133.889923    102.869679           9.993238  
47    123.195931    102.921152          32.826187  
43    180.687983    120.531046          40.623034  
11    159.540187    120.552218          15.698642  
7     136.976667    126.378181          23.733600  
29    169.720537    127.535455          27.493094  
27    186.456584    130.450586          46.412909  
46    190.424193    131.342799          16.627585  
19    167.104213    133.023996          29.021458  
2     232.801199    138.308196          19.394508  
30    163.077072    148.368152          13.804691  
1     206.406668    151.051913          38.448304  
41    204.531508    152.846734          40.800866  
24    252.072357    156.818992          23.352844  
23    181.532452    158.556955          19.216840  
42    236.850565    175.654700          20.604843  
3     203.323074    175.837340          38.887743  
38    314.098216    181.593932          34.493454  
6     240.525877    185.041950          11.892161  
26    241.138180    192.467025          23.516759  
13    256.682840    199.224896          49.821194  
15    315.127081    204.074653          49.876028  
36    291.405534    214.184790          34.547286  
18    335.390412    229.324390          14.779961  
39    313.435180    255.949248          68.424065  
10    464.003518    365.383592           8.081504  
22    601.362075    437.279060           9.875988  
14    476.896649    473.228918          24.801935  
33   1616.265513   1394.935022          19.708379  
45   1633.635028   1419.029693          32.876788  
28   1945.277207   1446.050230          14.004488  
40   2064.303390   1602.917366          20.585910  
5    2451.944885   2120.709113          23.839589  
0    2973.471447   2233.031442          25.314850  
17   2555.670390   2237.465646          28.945259  
12   3090.155790   2370.796628          24.803344  
32   6705.674395   5829.148749          10.011516  
44   6838.797751   5956.862610          16.626427  
9    8113.478965   7678.449605          15.803745  
21   8200.207800   7763.806464          19.427750  
4    8773.875235   7819.324393          11.941019  
16   8842.232593   7898.942140          14.647632  
8   14482.516759  13748.524455           7.960722  
20  14653.105680  13902.223741           9.853314  